Mat Object: 1 MPI process
  type: seqdensecuda
2.2532851279629895e-01 6.0996636592053122e-01 3.6798327344545356e-02 4.4664451315316711e-02 5.0266108682996347e-01 2.5015395493206327e-01 3.5771660778764058e-01 9.8826544301799757e-01 8.6911462572163956e-01 4.5898284788741250e-03 4.1541394890024108e-01 6.0113121745375864e-01 8.1681367788604931e-01 6.3226622103873709e-01 1.1360849275408569e-01 1.1178439036267562e-01 8.5417782245099616e-01 3.7366724571815624e-01 3.4932652324849656e-01 1.5396182950713211e-02 
9.1918306853355602e-01 2.8785789855878363e-01 2.9902491200471104e-01 4.2123514052350686e-01 2.3232291221691526e-01 6.9523655932570705e-02 8.8053125655613940e-01 1.9024720624862823e-01 4.3055817768171778e-01 9.0321327208741309e-02 3.0112668107494756e-01 6.0575742871795057e-01 9.8812090643778561e-01 4.5643956472575553e-01 9.4946133583226811e-01 4.1528661722612981e-01 1.3415362395127772e-01 7.1333920102169657e-01 3.7050738841128350e-01 7.9078715839268909e-01 
2.0684125324818226e-01 9.0926204252869169e-01 9.8816874854894010e-01 7.6421847611930716e-01 2.6714364386834788e-01 2.9833735392659477e-01 9.7833120443281629e-01 3.6842861528381121e-02 9.2312762278858074e-01 2.2432990447921597e-01 1.4990488312245631e-01 1.3210023010793392e-01 2.0771080899323735e-01 4.7722817120242311e-01 9.1710949955186649e-01 3.7282012290972588e-01 4.8817671828498277e-02 9.9162717667959654e-01 3.2911273916458228e-01 6.6911564757964115e-01 
7.2477972027531479e-01 7.3612878213693733e-01 4.4365782578243085e-01 9.4448894594034272e-01 1.7765798639562291e-01 1.1110986466834305e-01 7.7634730057062740e-01 4.6546573863508200e-01 7.4268289527714870e-01 1.5321858445420133e-01 6.2185084301584226e-01 5.8514445140274773e-01 2.8681928934555145e-01 3.5472514224064611e-01 5.6826814443642348e-01 4.9286857325136424e-01 6.0722175466452910e-01 4.6200997076939387e-01 8.9562503276361127e-01 8.1885163960173202e-02 
7.3219914514364248e-01 1.2110075975963142e-01 1.2911917886468771e-01 5.5434881733549801e-01 5.3324907673545141e-02 8.4314308233777879e-01 1.1068907792348526e-01 3.3902747514304465e-01 2.1267761830059229e-01 3.1143652909517883e-01 3.4991305463585221e-01 6.8595998100716216e-01 3.9030171408491654e-01 5.4204969106959666e-01 5.6296251878666936e-02 2.4202558161909238e-01 1.7824784634770552e-01 6.4624509671964248e-01 7.9443522042389603e-01 4.8355849701011167e-01 
9.0648235914703434e-01 6.1480615945612271e-01 9.1503778814048076e-01 6.1716632519684822e-01 3.7133673437237746e-01 4.3031200695088501e-01 5.0200664097401670e-01 9.5497678800487051e-01 7.4583531580138640e-01 3.7890906480782860e-01 9.4698478169495104e-01 2.7386567829523756e-03 2.9157613656609271e-01 5.5941279022385970e-01 7.8175424508373226e-03 9.8145560666594633e-01 6.9574025171490916e-02 6.1815690862346173e-01 2.6925432874681121e-01 3.5889741808293252e-01 
3.4795707105362439e-01 2.6591520812517544e-01 3.8642437933151186e-01 6.4650397860112818e-01 5.2049049631843758e-02 5.9800157745818794e-01 8.5574650013921527e-01 5.0808813247654072e-01 8.3730994098683809e-01 4.0972420432374790e-01 2.9941084847109423e-01 6.4378447381251291e-01 4.0981041220469194e-03 4.3549929811596755e-01 7.6493178495803349e-01 8.8278152851860270e-01 8.1808290375246528e-01 5.7033629478096870e-01 5.8717571064095964e-01 2.0521773696270174e-02 
8.5788093278559785e-01 9.4535641804899484e-01 3.0432190489811717e-02 3.8567117530619299e-01 4.3810457848339723e-01 8.2264195215416436e-01 3.1934019400392089e-01 7.6394154732543740e-01 7.3206250060294309e-01 4.9257921231234292e-01 9.0608727046207349e-01 4.3891579976827444e-01 6.7927471475834267e-01 9.1506084702857748e-01 7.7612031184451524e-01 2.9896238576669276e-01 2.5877090550996940e-01 2.7991433130117827e-01 2.0799170808776779e-01 9.5787036756923527e-01 
4.1518493624463204e-01 4.2468948561127107e-01 1.8444360693360196e-01 9.0211936330191023e-01 5.6646820244598217e-02 6.6056544780973425e-01 6.4500464359253229e-01 1.5212316299216155e-02 9.4196456245530058e-01 9.6727006579014940e-01 1.1797526215974941e-01 8.1025085510596639e-01 8.7919225079312824e-01 3.4216218611607729e-02 1.9152888769315624e-01 9.0424637244406725e-01 9.4896419446982705e-01 7.5051554643873786e-01 9.6577663801207692e-01 1.9974018745468314e-01 
1.9416772789622883e-01 2.4835396665760356e-01 9.3568831141070063e-01 3.2288222331611394e-01 6.7111448463089118e-01 4.1252725908738341e-01 2.0453138176523566e-01 8.3974837975351591e-01 5.2934973881599490e-01 6.8888587096985532e-01 9.4096716586662410e-01 1.6403148762388753e-01 3.1969557079736433e-01 6.9475603700517752e-01 5.1281825981968154e-01 4.7295211242696666e-01 2.2999180272017838e-01 6.6752659644005519e-01 7.5780931320460354e-01 3.3404115279594748e-02 
6.8561038306669886e-01 6.7729551059511195e-01 4.8079123594932227e-01 4.2315002823633208e-01 2.7489440883196536e-01 3.1737873709399622e-02 2.2166313667242932e-01 9.4133170205364181e-01 7.3435666728338944e-01 2.8376145773739481e-01 3.7872872092902909e-01 7.9889866692675682e-01 3.4601254934794312e-01 8.4124754890717313e-01 2.3641186178043583e-01 1.8814612048597823e-01 2.8691719807833849e-01 2.7802577970401998e-01 8.6183764147547137e-01 2.0737316768449077e-01 
5.2437552086983175e-01 7.1203289307213424e-02 5.9783734267069377e-01 4.5495027501723229e-01 1.8522863390707300e-02 1.1239185245585048e-01 1.3614433835341089e-01 3.0864970827374094e-01 3.5900217842763738e-01 1.9626626630616073e-01 8.3377559586529770e-01 9.7755882904672120e-01 8.8460680635254363e-01 1.0612872552984953e-01 6.3277395328993435e-01 4.1024641288756669e-01 6.8016198281723206e-01 6.8587254134620679e-01 8.5790476059845133e-01 1.2836405492870284e-01 
1.5963574036230810e-01 4.5573998894963452e-01 4.3614763539473600e-01 5.7223761694845976e-01 6.6440140945910642e-01 7.2791040790952266e-01 4.2479351806430898e-01 1.3245777210861220e-01 4.6566549958800607e-02 5.8177323130397696e-02 8.2904052159978647e-02 6.2810377409531171e-01 5.0361282599185486e-01 6.8820876183796287e-02 3.8594078983415514e-01 2.5390465141103746e-01 7.3271131678597001e-01 3.5321398410531302e-01 4.2683776794708095e-01 4.2375244804307854e-01 
9.5475746908938675e-01 4.9967623563006214e-01 1.0501659813751019e-01 4.8463581201758643e-02 8.3074326798903542e-01 6.2289072467720530e-01 5.5595484946796603e-01 7.7853921119350389e-01 9.5733761660757466e-01 8.8123955780449137e-01 5.4381790434426591e-01 7.1835828107816724e-01 7.5346057486622442e-01 4.5817700385671856e-01 3.1931222425747308e-01 4.0868810406976763e-01 6.5678312357796642e-01 3.5623293099146736e-01 9.3238845102034418e-01 9.9976017683206919e-01 
1.2698427245822685e-01 2.0268759245265500e-02 7.2752050523402190e-01 4.7607157836595704e-01 3.8109838483304515e-02 5.2623244368107791e-01 5.2496196511568982e-01 8.6117143938700380e-01 8.8977853648759364e-01 8.9981734284618753e-01 3.8496186568172774e-01 3.6726606923017968e-01 4.9943386790817712e-01 2.2609683863579377e-01 1.7574028685518428e-01 1.4008752075254094e-01 3.2556056831776559e-01 2.1140924659459159e-02 7.9843905493228462e-01 8.6355411382946201e-01 
4.3395323156047994e-03 8.8617501102550733e-01 1.2315773151046727e-01 1.1214256945616086e-01 6.4891234205918380e-01 4.2649330346592507e-01 4.7162463727507742e-01 2.0789021827480525e-01 9.4355231817348084e-01 7.1686585220204080e-01 8.7382476761640504e-01 6.1325082381004137e-01 2.0035586945964923e-01 1.3899334737107694e-01 3.9948971496797725e-01 7.4606332017234678e-01 2.9637358126398539e-01 4.7986476750523366e-03 6.9784162907628655e-01 3.3996553504309901e-01 
3.8269153537186540e-01 6.5458298587573793e-01 6.7211554510854299e-01 8.4259494259116607e-01 5.7775744059097534e-01 1.3722363722151343e-01 7.8105380641219213e-01 8.3371871076725057e-02 4.0693236288911194e-01 6.5278160806231611e-01 7.4250620591735483e-01 3.9128894832935046e-01 6.3204997584216827e-01 6.3909492854595129e-02 7.4726308229859129e-01 1.4373188215397548e-01 1.0858292447398199e-01 5.7980104832456192e-02 4.4131885874603327e-01 2.0323798417347305e-01 
2.5079289905173141e-01 5.5970007454480708e-01 3.3990799163291285e-02 3.8638356771481597e-01 8.3327877504493131e-01 6.8172593563569706e-01 6.9054307779629198e-01 5.8013364821529478e-01 9.6673415937280538e-01 7.6053259820341168e-02 9.8231896812745845e-01 9.0854954786631481e-01 6.0244397585890397e-01 7.1281423154646006e-01 8.8024277425654418e-01 3.2205863984059135e-01 6.3832364113321205e-01 4.4797026044430766e-01 4.1324039336075202e-02 2.1888966375924213e-01 
6.5528792847767292e-01 9.8504803857664669e-01 9.6443375402371245e-01 3.6747878349839169e-02 8.3340028914973274e-01 7.8102757376066378e-01 1.8295842349861502e-01 7.6733650253146024e-01 8.6705262587708987e-01 9.4453923457885125e-01 1.8045015733137504e-01 2.8292030920681199e-01 6.5773111216470781e-01 1.1418084121819660e-01 5.1228261697489685e-01 2.2021919227284670e-01 1.2353083029001866e-01 7.7668325632040691e-01 3.2146469788038345e-01 1.1372722043597250e-01 
5.3449077608912177e-01 3.3945571667501184e-01 1.9521638577920442e-02 7.4479916458619044e-01 3.1052872947777388e-01 9.0276768526612017e-01 3.2337269417437398e-01 3.3759723546398135e-01 4.7336883373794336e-01 7.4245822986434717e-01 9.1815472372244500e-01 8.1769488306144211e-01 4.5465729738129568e-01 4.7906062239521674e-01 3.7133737181520843e-01 8.3917833141486398e-01 5.5005365806778883e-01 6.1743246235401728e-02 7.6130235868451024e-01 4.0525389552946933e-02 
